8.468736467648341204e-08 6.105977945480844937e-07 2.279989075759658590e-06 6.024773028912022710e-06 1.269488984689814970e-05 2.202204814238939434e-05 3.405549068702384830e-05 4.895524762105196714e-05 6.541523180203512311e-05 8.669067756272852421e-05
2.759882136160740629e-07 1.488877501287788618e-06 4.553719463729066774e-06 1.049244292516959831e-05 2.034033059317152947e-05 3.392519647604785860e-05 5.121596404933370650e-05 7.216861558845266700e-05 9.573953138897195458e-05 1.273185771424323320e-04
1.239587618329096586e-06 5.524814696400426328e-06 1.441531185264466330e-05 2.905812834796961397e-05 5.066864105174317956e-05 7.912133878562599421e-05 1.130971068050712347e-04 1.512724702479317784e-04 1.920472423080354929e-04 2.411802852293476462e-04
5.809875801787711680e-06 2.223276715085376054e-05 5.088439502287656069e-05 9.136022708844393492e-05 1.453383301850408316e-04 2.130233478965237737e-04 2.840229717548936605e-04 3.561069897841662169e-04 4.277368134353309870e-04 5.032484768889844418e-04
2.662076622073072940e-05 8.755199087318032980e-05 1.760400336934253573e-04 2.809356083162128925e-04 4.056611214764416218e-04 5.708327516913414001e-04 7.036664173938333988e-04 8.289042743854224682e-04 9.417619439773261547e-04 1.041409443132579327e-03
1.173076307168230414e-04 3.264702681917697191e-04 5.681364564225077629e-04 8.192886598408222198e-04 1.078923814930021763e-03 1.404711278155446053e-03 1.607510494068264961e-03 1.782310777343809605e-03 1.922536990605294704e-03 2.013673540204763412e-03
4.515929613262414932e-04 1.062988769263029099e-03 1.588398125022649765e-03 2.051735064014792442e-03 2.540042856708168983e-03 2.899050014093518257e-03 3.178456332534551620e-03 3.373558400198817253e-03 3.487217240035533905e-03 3.477524500340223312e-03
1.569755724631249905e-03 2.808681689202785492e-03 3.726400434970855713e-03 4.444837570190429688e-03 4.937202204018831253e-03 5.281236022710800171e-03 5.488908849656581879e-03 5.566495005041360855e-03 5.516584031283855438e-03 5.296824034303426743e-03
4.364056978374719620e-03 6.329782307147979736e-03 7.325830869376659393e-03 7.900452241301536560e-03 8.206356316804885864e-03 8.343694731593132019e-03 8.315568789839744568e-03 8.115462027490139008e-03 7.756599690765142441e-03 7.217507343739271164e-03
1.277850382030010223e-02 1.245366968214511871e-02 1.224280521273612976e-02 1.209175679832696915e-02 1.193448342382907867e-02 1.169920805841684341e-02 1.132218167185783386e-02 1.076694950461387634e-02 1.005328167229890823e-02 9.264582768082618713e-03
