2.984362421557307243e-03 2.981696976348757744e-03 2.975648036226630211e-03 2.964828629046678543e-03 2.947445726022124290e-03 2.922480693086981773e-03 2.885799389332532883e-03 2.828360302373766899e-03 2.730514155700802803e-03 2.562475856393575668e-03
2.983893034979701042e-03 2.980285324156284332e-03 2.973251976072788239e-03 2.961924066767096519e-03 2.945030108094215393e-03 2.921799663454294205e-03 2.889209892600774765e-03 2.840353175997734070e-03 2.759402850642800331e-03 2.617677208036184311e-03
2.982454607263207436e-03 2.975907409563660622e-03 2.965422580018639565e-03 2.951159141957759857e-03 2.932653063908219337e-03 2.909166738390922546e-03 2.879097359254956245e-03 2.837573178112506866e-03 2.773197367787361145e-03 2.664693631231784821e-03
2.978618955239653587e-03 2.965242834761738777e-03 2.947435714304447174e-03 2.927044639363884926e-03 2.904038410633802414e-03 2.877124119549989700e-03 2.847312251105904579e-03 2.810158301144838333e-03 2.757233101874589920e-03 2.674275776371359825e-03
2.968834480270743370e-03 2.941371407359838486e-03 2.911056857556104660e-03 2.881784457713365555e-03 2.852679695934057236e-03 2.819071523845195770e-03 2.789269667118787766e-03 2.754062646999955177e-03 2.707410603761672974e-03 2.639909973368048668e-03
2.944496925920248032e-03 2.890980802476406097e-03 2.843524795025587082e-03 2.803593175485730171e-03 2.768846694380044937e-03 2.731432672590017319e-03 2.702704397961497307e-03 2.668776782229542732e-03 2.624955959618091583e-03 2.563694724813103676e-03
2.887835726141929626e-03 2.794010797515511513e-03 2.730885986238718033e-03 2.685832558199763298e-03 2.649025525897741318e-03 2.619443694129586220e-03 2.591250929981470108e-03 2.557659754529595375e-03 2.512201666831970215e-03 2.453574212267994881e-03
2.759976079687476158e-03 2.630972536280751228e-03 2.565665636211633682e-03 2.528468612581491470e-03 2.505103824660181999e-03 2.484820783138275146e-03 2.461361000314354897e-03 2.428020117804408073e-03 2.378893783316016197e-03 2.314873505383729935e-03
2.503863302990794182e-03 2.385144820436835289e-03 2.359048696234822273e-03 2.353001153096556664e-03 2.349800663068890572e-03 2.341457642614841461e-03 2.322891028597950935e-03 2.288306131958961487e-03 2.232749247923493385e-03 2.157969865947961807e-03
1.913310377858579159e-03 2.071054885163903236e-03 2.142905257642269135e-03 2.179044997319579124e-03 2.196342451497912407e-03 2.198683563619852066e-03 2.184070413932204247e-03 2.148046158254146576e-03 2.087168628349900246e-03 1.999707892537117004e-03
