2.595180645585060120e-03 1.805594889447093010e-03 1.015975838527083397e-03 7.861782214604318142e-04 3.379789122845977545e-04 3.782461863011121750e-04 1.071693186531774700e-04 2.403799589956179261e-04 1.491484930738806725e-03 1.410444237990304828e-04
1.927047222852706909e-02 1.014267187565565109e-02 6.249723490327596664e-03 4.149382002651691437e-03 2.372736111283302307e-03 1.468191039748489857e-03 1.114945625886321068e-03 5.770825664512813091e-04 -6.905407644808292389e-04 -1.873704371973872185e-03
4.467794671654701233e-03 3.589048981666564941e-03 3.262238577008247375e-03 3.003441495820879936e-03 2.205470809713006020e-03 2.005299786105751991e-03 1.444022636860609055e-03 1.391705358400940895e-03 2.352573443204164505e-03 -7.628126331837847829e-05
1.218629069626331329e-02 6.944053340703248978e-03 4.712684080004692078e-03 3.280184231698513031e-03 2.117584459483623505e-03 1.475192257203161716e-03 1.221261336468160152e-03 7.877463358454406261e-04 -3.913942491635680199e-04 -1.239172648638486862e-03
-2.687640953809022903e-03 -1.348006422631442547e-03 -3.847098560072481632e-04 1.790640526451170444e-04 3.550517430994659662e-04 5.475567886605858803e-04 3.948619123548269272e-04 5.614925175905227661e-04 1.452382770366966724e-03 6.034860853105783463e-04
3.032732754945755005e-03 1.344228396192193031e-03 4.170280299149453640e-04 -2.242334740003570914e-04 -3.854931273963302374e-04 -5.979220150038599968e-04 -4.372597031760960817e-04 -6.144332583062350750e-04 -1.500208512879908085e-03 -6.096481811255216599e-04
-1.185064949095249176e-02 -6.965715903788805008e-03 -4.672248382121324539e-03 -3.325934987515211105e-03 -2.140853786841034889e-03 -1.520693418569862843e-03 -1.255448092706501484e-03 -8.320006891153752804e-04 3.458319406490772963e-04 1.221170299686491489e-03
-4.225993528962135315e-03 -3.597254632040858269e-03 -3.241014201194047928e-03 -3.031497588381171227e-03 -2.220549387857317924e-03 -2.032989636063575745e-03 -1.466561923734843731e-03 -1.420643762685358524e-03 -2.381606725975871086e-03 7.230786286527290940e-05
-1.902875490486621857e-02 -1.017999183386564255e-02 -6.224078591912984848e-03 -4.175673704594373703e-03 -2.379451878368854523e-03 -1.488995389081537724e-03 -1.128020230680704117e-03 -5.960423732176423073e-04 6.727443542331457138e-04 1.866003614850342274e-03
-2.543724840506911278e-03 -1.795674674212932587e-03 -1.016093301586806774e-03 -7.897351752035319805e-04 -3.419083950575441122e-04 -3.823004080913960934e-04 -1.120224333135411143e-04 -2.456245128996670246e-04 -1.495818141847848892e-03 -1.372574915876612067e-04
