9.851700067520141602e-01 9.851700663566589355e-01 9.851701855659484863e-01 9.851704835891723633e-01 9.851709604263305664e-01 9.851718544960021973e-01 9.851731657981872559e-01 9.851751923561096191e-01 9.851785302162170410e-01 9.851837754249572754e-01 9.851922392845153809e-01 9.852062463760375977e-01 9.852292537689208984e-01 9.852668642997741699e-01 9.853267669677734375e-01 9.854193925857543945e-01 9.855579137802124023e-01 9.857565760612487793e-01 9.860334396362304688e-01 9.863868355751037598e-01 9.868123531341552734e-01 9.873021841049194336e-01 9.878581762313842773e-01 9.884337782859802246e-01 9.892137646675109863e-01
9.851700067520141602e-01 9.851700663566589355e-01 9.851702451705932617e-01 9.851706027984619141e-01 9.851711392402648926e-01 9.851720333099365234e-01 9.851733446121215820e-01 9.851751923561096191e-01 9.851778745651245117e-01 9.851816296577453613e-01 9.851871728897094727e-01 9.851956367492675781e-01 9.852089285850524902e-01 9.852300882339477539e-01 9.852635264396667480e-01 9.853156208992004395e-01 9.853950142860412598e-01 9.855104088783264160e-01 9.856758713722229004e-01 9.859033823013305664e-01 9.862065911293029785e-01 9.865695238113403320e-01 9.870184659957885742e-01 9.874778389930725098e-01 9.881666302680969238e-01
9.851700067520141602e-01 9.851701855659484863e-01 9.851704239845275879e-01 9.851709604263305664e-01 9.851717948913574219e-01 9.851729273796081543e-01 9.851744771003723145e-01 9.851764440536499023e-01 9.851788878440856934e-01 9.851819276809692383e-01 9.851857423782348633e-01 9.851908087730407715e-01 9.851978421211242676e-01 9.852080345153808594e-01 9.852232933044433594e-01 9.852465391159057617e-01 9.852817654609680176e-01 9.853340983390808105e-01 9.854106903076171875e-01 9.855198264122009277e-01 9.856714606285095215e-01 9.858773946762084961e-01 9.861655235290527344e-01 9.864736199378967285e-01 9.869538545608520508e-01
9.851700663566589355e-01 9.851703643798828125e-01 9.851709604263305664e-01 9.851719141006469727e-01 9.851732254028320312e-01 9.851748943328857422e-01 9.851769208908081055e-01 9.851793050765991211e-01 9.851819276809692383e-01 9.851847887039184570e-01 9.851878285408020020e-01 9.851911664009094238e-01 9.851949810981750488e-01 9.851998090744018555e-01 9.852062463760375977e-01 9.852154254913330078e-01 9.852291345596313477e-01 9.852494597434997559e-01 9.852797985076904297e-01 9.853242039680480957e-01 9.853886961936950684e-01 9.854817986488342285e-01 9.856197834014892578e-01 9.857912659645080566e-01 9.860697984695434570e-01
9.851701855659484863e-01 9.851708412170410156e-01 9.851719737052917480e-01 9.851737022399902344e-01 9.851757884025573730e-01 9.851782321929931641e-01 9.851808547973632812e-01 9.851835370063781738e-01 9.851861596107482910e-01 9.851884841918945312e-01 9.851905107498168945e-01 9.851921796798706055e-01 9.851936101913452148e-01 9.851949214935302734e-01 9.851962327957153320e-01 9.851981401443481445e-01 9.852012395858764648e-01 9.852064251899719238e-01 9.852152466773986816e-01 9.852297306060791016e-01 9.852526783943176270e-01 9.852882623672485352e-01 9.853429794311523438e-01 9.854258298873901367e-01 9.855641126632690430e-01
9.851704835891723633e-01 9.851717948913574219e-01 9.851739406585693359e-01 9.851766824722290039e-01 9.851795434951782227e-01 9.851823449134826660e-01 9.851848483085632324e-01 9.851867556571960449e-01 9.851878881454467773e-01 9.851878881454467773e-01 9.851874113082885742e-01 9.851863384246826172e-01 9.851845502853393555e-01 9.851818084716796875e-01 9.851780533790588379e-01 9.851741790771484375e-01 9.851697683334350586e-01 9.851656556129455566e-01 9.851641654968261719e-01 9.851665496826171875e-01 9.851727485656738281e-01 9.851844310760498047e-01 9.852051138877868652e-01 9.852408766746520996e-01 9.853044748306274414e-01
9.851709604263305664e-01 9.851734042167663574e-01 9.851766824722290039e-01 9.851799011230468750e-01 9.851824045181274414e-01 9.851837158203125000e-01 9.851837158203125000e-01 9.851824641227722168e-01 9.851800799369812012e-01 9.851762056350708008e-01 9.851707816123962402e-01 9.851630330085754395e-01 9.851554632186889648e-01 9.851467013359069824e-01 9.851374626159667969e-01 9.851291775703430176e-01 9.851217269897460938e-01 9.851116538047790527e-01 9.851052761077880859e-01 9.851037859916687012e-01 9.851060509681701660e-01 9.851118922233581543e-01 9.851230978965759277e-01 9.851434826850891113e-01 9.851804375648498535e-01
9.851718544960021973e-01 9.851754903793334961e-01 9.851785302162170410e-01 9.851796030998229980e-01 9.851781129837036133e-01 9.851746559143066406e-01 9.851685762405395508e-01 9.851601123809814453e-01 9.851493239402770996e-01 9.851378202438354492e-01 9.851264953613281250e-01 9.851120710372924805e-01 9.850997924804687500e-01 9.850881695747375488e-01 9.850760698318481445e-01 9.850670099258422852e-01 9.850586652755737305e-01 9.850518107414245605e-01 9.850502610206604004e-01 9.850516319274902344e-01 9.850566387176513672e-01 9.850662946701049805e-01 9.850844740867614746e-01 9.851102232933044434e-01 9.851459264755249023e-01
9.851726889610290527e-01 9.851753115653991699e-01 9.851730465888977051e-01 9.851666092872619629e-01 9.851559996604919434e-01 9.851413965225219727e-01 9.851254224777221680e-01 9.851087927818298340e-01 9.850912690162658691e-01 9.850752353668212891e-01 9.850621819496154785e-01 9.850472211837768555e-01 9.850354790687561035e-01 9.850279688835144043e-01 9.850186109542846680e-01 9.850162267684936523e-01 9.850161075592041016e-01 9.850185513496398926e-01 9.850243926048278809e-01 9.850353598594665527e-01 9.850555658340454102e-01 9.850810766220092773e-01 9.851168990135192871e-01 9.851672649383544922e-01 9.852283596992492676e-01
9.851709008216857910e-01 9.851649999618530273e-01 9.851487278938293457e-01 9.851292371749877930e-01 9.851072430610656738e-01 9.850843548774719238e-01 9.850641489028930664e-01 9.850481748580932617e-01 9.850311875343322754e-01 9.850208759307861328e-01 9.850117564201354980e-01 9.850070476531982422e-01 9.850070476531982422e-01 9.850088357925415039e-01 9.850124120712280273e-01 9.850189089775085449e-01 9.850305318832397461e-01 9.850496649742126465e-01 9.850820302963256836e-01 9.851145744323730469e-01 9.851585030555725098e-01 9.852084517478942871e-01 9.852801561355590820e-01 9.853893518447875977e-01 9.854960441589355469e-01
9.851598739624023438e-01 9.851350784301757812e-01 9.851045012474060059e-01 9.850783944129943848e-01 9.850544333457946777e-01 9.850378632545471191e-01 9.850320219993591309e-01 9.850302338600158691e-01 9.850327968597412109e-01 9.850373864173889160e-01 9.850445985794067383e-01 9.850552082061767578e-01 9.850724339485168457e-01 9.850896000862121582e-01 9.851084351539611816e-01 9.851325154304504395e-01 9.851728081703186035e-01 9.852141737937927246e-01 9.852614402770996094e-01 9.853233695030212402e-01 9.854267835617065430e-01 9.855327010154724121e-01 9.856577515602111816e-01 9.858092069625854492e-01 9.860068559646606445e-01
9.851359128952026367e-01 9.850937724113464355e-01 9.850682020187377930e-01 9.850624799728393555e-01 9.850692749023437500e-01 9.850808382034301758e-01 9.850984215736389160e-01 9.851235151290893555e-01 9.851608872413635254e-01 9.851818084716796875e-01 9.852029085159301758e-01 9.852235317230224609e-01 9.852522015571594238e-01 9.852946996688842773e-01 9.853332042694091797e-01 9.853805899620056152e-01 9.854404926300048828e-01 9.855195283889770508e-01 9.856175184249877930e-01 9.857296347618103027e-01 9.858786463737487793e-01 9.860581755638122559e-01 9.863076806068420410e-01 9.865243434906005859e-01 9.868168830871582031e-01
9.851091504096984863e-01 9.850997328758239746e-01 9.851419925689697266e-01 9.852057695388793945e-01 9.852685332298278809e-01 9.853185415267944336e-01 9.853723049163818359e-01 9.854032397270202637e-01 9.854496121406555176e-01 9.854813218116760254e-01 9.855119585990905762e-01 9.855418205261230469e-01 9.855773448944091797e-01 9.856231212615966797e-01 9.856824278831481934e-01 9.857586622238159180e-01 9.858578443527221680e-01 9.859675765037536621e-01 9.861251711845397949e-01 9.863494634628295898e-01 9.865653514862060547e-01 9.868116378784179688e-01 9.870942831039428711e-01 9.874885082244873047e-01 9.878619909286499023e-01
9.852988123893737793e-01 9.854465126991271973e-01 9.855695366859436035e-01 9.856643676757812500e-01 9.857348203659057617e-01 9.857860207557678223e-01 9.858244657516479492e-01 9.858512878417968750e-01 9.858750104904174805e-01 9.858970046043395996e-01 9.859199523925781250e-01 9.859470129013061523e-01 9.859833121299743652e-01 9.860351085662841797e-01 9.861080050468444824e-01 9.862083792686462402e-01 9.863409996032714844e-01 9.865022897720336914e-01 9.867096543312072754e-01 9.869633913040161133e-01 9.872492551803588867e-01 9.875667095184326172e-01 9.879287481307983398e-01 9.883818626403808594e-01 9.888176918029785156e-01
