1.184496749192476273e-02 1.184450928121805191e-02 1.184050180017948151e-02 1.181878428906202316e-02 1.174632366746664047e-02 1.158917602151632309e-02 1.128587592393159866e-02 1.073446590453386307e-02 9.855584241449832916e-03 8.544404990971088409e-03
1.184489950537681580e-02 1.184428017586469650e-02 1.184127759188413620e-02 1.182873081415891647e-02 1.179014332592487335e-02 1.170656550675630569e-02 1.154474448412656784e-02 1.124666072428226471e-02 1.072847004979848862e-02 9.846485219895839691e-03
1.184448599815368652e-02 1.184252463281154633e-02 1.183755695819854736e-02 1.182605419307947159e-02 1.180104352533817291e-02 1.175302825868129730e-02 1.166669372469186783e-02 1.151548977941274643e-02 1.125352643430233002e-02 1.078418269753456116e-02
1.184215489774942398e-02 1.183367334306240082e-02 1.181767042726278305e-02 1.179289817810058594e-02 1.175499055534601212e-02 1.169844251126050949e-02 1.162222400307655334e-02 1.151612401008605957e-02 1.135766785591840744e-02 1.109506096690893173e-02
1.182969473302364349e-02 1.179275009781122208e-02 1.173655409365892410e-02 1.166712120175361633e-02 1.158008445054292679e-02 1.145273447036743164e-02 1.133761927485466003e-02 1.120734028518199921e-02 1.105380710214376450e-02 1.084915827959775925e-02
1.176617201417684555e-02 1.161932572722434998e-02 1.144285872578620911e-02 1.125409640371799469e-02 1.105280127376317978e-02 1.077325921505689621e-02 1.058518607169389725e-02 1.039541512727737427e-02 1.019841991364955902e-02 9.987155906856060028e-03
1.150361727923154831e-02 1.101761776953935623e-02 1.058863662183284760e-02 1.020341645926237106e-02 9.764830581843852997e-03 9.422251023352146149e-03 9.118877351284027100e-03 8.848234079778194427e-03 8.593630045652389526e-03 8.398750796914100647e-03
1.054019387811422348e-02 9.476071223616600037e-03 8.648222312331199646e-03 7.962469942867755890e-03 7.463664747774600983e-03 7.067592348903417587e-03 6.747387815266847610e-03 6.475227419286966324e-03 6.232252344489097595e-03 6.082466337829828262e-03
8.025398477911949158e-03 6.173927802592515945e-03 5.150443408638238907e-03 4.502759780734777451e-03 4.097066819667816162e-03 3.805253421887755394e-03 3.586403792724013329e-03 3.412275342270731926e-03 3.258703276515007019e-03 3.202090971171855927e-03
3.317425125715089962e-06 2.634525060329906410e-07 2.068506717023410602e-07 1.809102911920490442e-07 1.633340787066117628e-07 1.488617158429406118e-07 1.354604961534278118e-07 1.214295224372108351e-07 1.057206517884878849e-07 9.943227752273742226e-08
