1.415443718433380127e-01 1.456092596054077148e-01 8.425241708755493164e-02 1.072368472814559937e-01 6.143527105450630188e-02 9.203604608774185181e-02 5.379094555974006653e-02 8.447648584842681885e-02 5.114043131470680237e-02 7.502444088459014893e-02
1.824151277542114258e-01 2.129449993371963501e-01 1.750181615352630615e-01 1.996749490499496460e-01 1.656188070774078369e-01 1.885475516319274902e-01 1.588022261857986450e-01 1.803974211215972900e-01 1.541122645139694214e-01 1.698074191808700562e-01
1.946921050548553467e-01 2.349979430437088013e-01 2.123012244701385498e-01 2.405429333448410034e-01 2.183495312929153442e-01 2.400463670492172241e-01 2.198292911052703857e-01 2.378869056701660156e-01 2.200356125831604004e-01 2.313607335090637207e-01
1.987729519605636597e-01 2.403517812490463257e-01 2.251101434230804443e-01 2.566518783569335938e-01 2.408056855201721191e-01 2.640139758586883545e-01 2.493270188570022583e-01 2.677072286605834961e-01 2.544310986995697021e-01 2.655688226222991943e-01
1.997801363468170166e-01 2.428016662597656250e-01 2.295478135347366333e-01 2.622725665569305420e-01 2.488080710172653198e-01 2.730413675308227539e-01 2.606594860553741455e-01 2.797781527042388916e-01 2.689037919044494629e-01 2.799826562404632568e-01
1.998665928840637207e-01 2.428078651428222656e-01 2.295582443475723267e-01 2.622382938861846924e-01 2.487858831882476807e-01 2.729952931404113770e-01 2.606237232685089111e-01 2.797155976295471191e-01 2.688441574573516846e-01 2.799609005451202393e-01
1.988171190023422241e-01 2.402579784393310547e-01 2.250964641571044922e-01 2.565613985061645508e-01 2.407582998275756836e-01 2.639240026473999023e-01 2.492624670267105103e-01 2.676132321357727051e-01 2.543383538722991943e-01 2.655062079429626465e-01
1.947620511054992676e-01 2.347275316715240479e-01 2.122870683670043945e-01 2.404173612594604492e-01 2.183323949575424194e-01 2.399715632200241089e-01 2.198045849800109863e-01 2.378186583518981934e-01 2.199895828962326050e-01 2.313231229782104492e-01
1.825179904699325562e-01 2.126127332448959351e-01 1.751102656126022339e-01 1.996213197708129883e-01 1.657271385192871094e-01 1.885626018047332764e-01 1.588826328516006470e-01 1.804038435220718384e-01 1.541565954685211182e-01 1.698367595672607422e-01
1.416527479887008667e-01 1.453673392534255981e-01 8.452902734279632568e-02 1.072922348976135254e-01 6.161736324429512024e-02 9.209961444139480591e-02 5.389190837740898132e-02 8.451741933822631836e-02 5.120244249701499939e-02 7.506679743528366089e-02
