
101325.022535338867
101325.018075895729
101325.018136201048
101325.015625085638
101325.015736603658
101325.014274954636
101325.014392475758
101325.013497676584
101325.013614613796
101325.013047699118
101325.013159871407
101325.012799278251
101325.01291094409
101325.012693548531
101325.012810117754
101325.012815282433
101325.012696438251
101325.012907580895
101325.01279372671
101325.013152322499
101325.013037639961
101325.013601882529
101325.013481581991
101325.014372182661
101325.014249880609
101325.015704588208
101325.015586738402
101325.018086518336
101325.018019518786
101325.022462125795
101325.012283098346
101325.012497110642
101325.01306977791
101325.01288100981
101325.013263722896
101325.012900208152
101325.013140933923
101325.012764767613
101325.012937413732
101325.012610140126
101325.012753678966
101325.012494440467
101325.012628041848
101325.012439257698
101325.012564375589
101325.012566759266
101325.012443553118
101325.012625280709
101325.012490534777
101325.012749182293
101325.01260476117
101325.012931895602
101325.012759030244
101325.013136279144
101325.012896714485
101325.013264303823
101325.012885618504
101325.013083383921
101325.012517491516
101325.012314537569
101325.014603931631
101325.014158793056
101325.014206094842
101325.013633845607
101325.01363768724
101325.013136647351
101325.013142761745
101325.012752356954
101325.012781160462
101325.01249028297
101325.012543343342
101325.0123329403
101325.012406631213
101325.012262345233
101325.012344481118
101325.012345706011
101325.012265247846
101325.012403618442
101325.012328697863
101325.012537704737
101325.01248323101
101325.012772207643
101325.012741859318
101325.013129958956
101325.013121896627
101325.013619759367
101325.013614978903
101325.01418298202
101325.014133633362
101325.014572890257
101325.010570652885
101325.010857720757
101325.011048447152
101325.011317480894
101325.011505447968
101325.011629040033
101325.011762144364
101325.011783884169
101325.011873385418
101325.011842442138
101325.011908357323
101325.011856992569
101325.01191327085
101325.011859363658
101325.011903470571
101325.011905003033
101325.011861275911
101325.011912339454
101325.011855774705
101325.011906963511
101325.011841141793
101325.01187236332
101325.011783489434
101325.011762809503
101325.01163138065
101325.011509835123
101325.011323644081
101325.011058522825
101325.010869579128
101325.010585574884
101325.01197140709
101325.011987295831
101325.011985121746
101325.011988698636
101325.011963080848
101325.011924090897
101325.011883282961
101325.011823569002
101325.011788551856
101325.01173002999
101325.011711203915
101325.011663934376
101325.011663501486
101325.01163093069
101325.011640782177
101325.011641531892
101325.011630022229
101325.01166191978
101325.01166145764
101325.011707739075
101325.011725599223
101325.011783157344
101325.011817159146
101325.011875741475
101325.01191565636
101325.01195374495
101325.01197787495
101325.011972118489
101325.011972826018
101325.011955148497
101325.009859269398
101325.010079584637
101325.010143093576
101325.010408222617
101325.010499156197
101325.010706447327
101325.010779842953
101325.010915670253
101325.010963546272
101325.011044475017
101325.011072244641
101325.011115779489
101325.01112957648
101325.011147407931
101325.011144888544
101325.01114525352
101325.011145805969
101325.011130022074
101325.011116286536
101325.011073048809
101325.011045613152
101325.01096550803
101325.010918351298
101325.010783923484
101325.010711606839
101325.010505960992
101325.01041559747
101325.010151958355
101325.010088685303
101325.009869955407
101325.010818075985
101325.010842681673
101325.010832101252
101325.01088071338
101325.010879629379
101325.010927957424
101325.010914245635
101325.010944590016
101325.010922953952
101325.010939979227
101325.010918830711
101325.010929689161
101325.010913714621
101325.010922684203
101325.010908898941
101325.010908007607
101325.010919164779
101325.010913075399
101325.010928494245
101325.010917158128
101325.010937769854
101325.010920265137
101325.010941344037
101325.010910550336
101325.010923667694
101325.010874293934
101325.010874500076
101325.010824544428
101325.010834361397
101325.010808803156
101325.009440675392
101325.009576889002
101325.009613285758
101325.009783035275
101325.009848708884
101325.01000603789
101325.010067130686
101325.010188666332
101325.010231807522
101325.010317228895
101325.010341721791
101325.010397006947
101325.010404906381
101325.010435077056
101325.010424313965
101325.010422890482
101325.01043176344
101325.01040565515
101325.010397915103
101325.01034304114
101325.010318834611
101325.010233959329
101325.010191242938
101325.010070463919
101325.01000955161
101325.009853194148
101325.009787914765
101325.009618997603
101325.009582848943
101325.009447644537
101325.010063813475
101325.010074916325
101325.010065281633
101325.010088671115
101325.01009971209
101325.010140503029
101325.010149714304
101325.010186271364
101325.010186866959
101325.010213907284
101325.010208386986
101325.010227695078
101325.010219361866
101325.010233138062
101325.010220553886
101325.01021803687
101325.010229017134
101325.01021900076
101325.010227092862
101325.010207485568
101325.010212775451
101325.010185339925
101325.010184547078
101325.010147658119
101325.010137955178
101325.010096217607
101325.01008457366
101325.010060373956
101325.010069533339
101325.010057877269
101325.009057594099
101325.009143505245
101325.009171213707
101325.009276347671
101325.009327077889
101325.009432948005
101325.009485538016
101325.009573596413
101325.009614286973
101325.009679504452
101325.00970485984
101325.009748411045
101325.009758502652
101325.009782297027
101325.009774876293
101325.009772135178
101325.009778877706
101325.009759175955
101325.009749452962
101325.009706211349
101325.009681218959
101325.009616484575
101325.009576214259
101325.009488463722
101325.009436395179
101325.00933096277
101325.009280206927
101325.009175431158
101325.009147874807
101325.009062589874
101325.009450515819
101325.00945722578
101325.00944774547
101325.009457228283
101325.009466313582
101325.009493655409
101325.0095080951
101325.009537308506
101325.009547234033
101325.009570628361
101325.009574392257
101325.00959101718
101325.00958979917
101325.009600456673
101325.009592604649
101325.009589422363
101325.009596681804
101325.009589520909
101325.009590657181
101325.009573748408
101325.009569791117
101325.009546039466
101325.009535879813
101325.009505933645
101325.009491165154
101325.009463210838
101325.009453773906
101325.009443587609
101325.00945266358
101325.009445666146
101325.008674434051
101325.008732113725
101325.008753295624
101325.008822464981
101325.008859323876
101325.008931781922
101325.008972879572
101325.0090357226
101325.009069569598
101325.009117136855
101325.009139540038
101325.009171332669
101325.009181530317
101325.009198322048
101325.009193901162
101325.009190951707
101325.009195252671
101325.009181998335
101325.009171943995
101325.009140242051
101325.009117955822
101325.009070454194
101325.009036614952
101325.0089738635
101325.008932679426
101325.008860491551
101325.008823509939
101325.008754817696
101325.008733765237
101325.008676543977
101325.008911957339
101325.008917446277
101325.008908385513
101325.008912387144
101325.008916625913
101325.008934914265
101325.008946777161
101325.00896906275
101325.008979802282
101325.008998715435
101325.009005008396
101325.009018441051
101325.009020079553
101325.009028056869
101325.009023028091
101325.009019996287
101325.009025198771
101325.009020034209
101325.00901799144
101325.00900426117
101325.008997598285
101325.008978385682
101325.008967107555
101325.008944347326
101325.008931940392
101325.008913027719
101325.008908254269
101325.008903695576
101325.008912371486
101325.008906757939
101325.008292232742
101325.008332957761
101325.008348881573
101325.008396801873
101325.008422712766
101325.008473683178
101325.008503972029
101325.008549568243
101325.008575595231
101325.008610695804
101325.008628478172
101325.008651941971
101325.008660430438
101325.008672467055
101325.00866912381
101325.008666113426
101325.008668695082
101325.008660039952
101325.008651854354
101325.008628603275
101325.008610798963
101325.008575729706
101325.008549486956
101325.00850367258
101325.00847295986
101325.008421857317
101325.008395678684
101325.008347878436
101325.008331997058
101325.008291624836
101325.008422753192
101325.008427788576
101325.008419579521
101325.008421214821
101325.008421637729
101325.008433696552
101325.008441487953
101325.008458079523
101325.008466752057
101325.008481741243
101325.008487700645
101325.00849860147
101325.008500918673
101325.008507270381
101325.008503649209
101325.008501229953
101325.008504819532
101325.008500959346
101325.008498477298
101325.008487308587
101325.008481031546
101325.008465585779
101325.008456297597
101325.008438984893
101325.00843020271
101325.008417047982
101325.008415599717
101325.008413254152
101325.008420951795
101325.008415856661
101325.007914823844
101325.007944730925
101325.007956399189
101325.007990408762
101325.00800799478
101325.008043929964
101325.008065429021
101325.008098488004
101325.008117904523
101325.008143971689
101325.008157794655
101325.008175546944
101325.008182692807
101325.008192243768
101325.008190653418
101325.008190046297
101325.008190968016
101325.00818392713
101325.008177059499
101325.008159189441
101325.008145340806
101325.008118752492
101325.00809879537
101325.008064805952
101325.008042325382
101325.00800527769
101325.007986590834
101325.007952047483
101325.007940015988
101325.007910388071
101325.00797075819
101325.007975614004
101325.007967933154
101325.007967150523
101325.00796456977
101325.007970721403
101325.007974808861
101325.007986102501
101325.007992464307
101325.008004083822
101325.008009103476
101325.008018216788
101325.008020439534
101325.008026030278
101325.008022987255
101325.008024533498
101325.008024162613
101325.00802205826
101325.008020359179
101325.008011660713
101325.00800663355
101325.00799444149
101325.007987306351
101325.007974150212
101325.00796839768
101325.007959308277
101325.007959875016
101325.007958457034
101325.007965025332
101325.00796021329
101325.007546516732
101325.007568791916
101325.007575157069
101325.007597729564
101325.007604438491
101325.007630956636
101325.007641207689
101325.007669306506
101325.007679909628
101325.007704287113
101325.007711763406
101325.007729515186
101325.007732236641
101325.007742641988
101325.007738836037
101325.007750788223
101325.007741356036
101325.007737599983
101325.007733536011
101325.007720570036
101325.007710566846
101325.007690516912
101325.007675661196
101325.007650033207
101325.007633458255
101325.007605965642
101325.00759249703
101325.007566776534
101325.007557628312
101325.00753516551
101325.007554241354
101325.007564504995
101325.007523415436
101325.007540912091
101325.007502551816
101325.007529775714
101325.007509182236
101325.007539540165
101325.007530729941
101325.007556752287
101325.007552378156
101325.007571166949
101325.007566917164
101325.007577924407
101325.007569890775
101325.007589237226
101325.007576892065
101325.007577008044
101325.007576782868
101325.007570396483
101325.007566808083
101325.007557226767
101325.007551929244
101325.007541733328
101325.007537990386
101325.007531298135
101325.007532706368
101325.007531443538
101325.007536862366
101325.007532221643
101325.007146147807
101325.007389448539
101325.007099765309
101325.00715341256
101325.007135570544
101325.007184471688
101325.007195312573
101325.007234995515
101325.007250791314
101325.007279460013
101325.00729116275
101325.007310166315
101325.007315750787
101325.007324138947
101325.007306816595
101325.007326131599
101325.007329255881
101325.007325156155
101325.007321941754
101325.007311453941
101325.007303383885
101325.007287428176
101325.007275758398
101325.007255717908
101325.007243140586
101325.007222191023
101325.007212187527
101325.007192456891
101325.007185413313
101325.007167895164
101325.006905448347
101325.007811445161
101325.006932656921
101325.006882614442
101325.007028290696
101325.007011783746
101325.007089737221
101325.007089982857
101325.007126056196
101325.00713453925
101325.007148509394
101325.007159210189
101325.00716189199
101325.007168539742
101325.007136933971
101325.007168244614
101325.007171367077
101325.007167953532
101325.00716631567
101325.007159914239
101325.007156162217
101325.007147711338
101325.007143218638
101325.007134860061
101325.007132148196
101325.007126806275
101325.007128372396
101325.007126993907
101325.0071313753
101325.007126880781
101325.006927294962
101325.006853689178
101325.006728614884
101325.006984487845
101325.00679930445
101325.006973087249
101325.006841712457
101325.006958639235
101325.00687726312
101325.006954297118
101325.006905782488
101325.006956300189
101325.006926713555
101325.00695656825
101325.006888002143
101325.006945183413
101325.006945024361
101325.006938456689
101325.006933865472
101325.006924046189
101325.006916697515
101325.006903252826
101325.00689366358
101325.006877686901
101325.006867923235
101325.006851552287
101325.006843985844
101325.006828515747
101325.00682305434
101325.006809072845
101325.006868965502
101325.006748487329
101325.006876720436
101325.006813983404
101325.006813649205
101325.006763289566
101325.006782845987
101325.006755292299
101325.006774618174
101325.006762726538
101325.00677603572
101325.006771986256
101325.006779552845
101325.006777722258
101325.006773923233
101325.00677949535
101325.006779497766
101325.006775652873
101325.006773943271
101325.00676838764
101325.006765238897
101325.006758115836
101325.006754525166
101325.006747596926
101325.006745700884
101325.006741326215
101325.006742874961
101325.006741345889
101325.006744866201
101325.006740540193
101325.006466917141
101325.006447803302
101325.006629272873
101325.006455872732
101325.006598395528
101325.006483333578
101325.006581590598
101325.006511832646
101325.006575903812
101325.006535106164
101325.00657514458
101325.006550546037
101325.006573823848
101325.006555764616
101325.00658721228
101325.006562360984
101325.006564380674
101325.006560738533
101325.006558044988
101325.006550451275
101325.006544740172
101325.006533827385
101325.006526234254
101325.006513351429
101325.006505740777
101325.006492734537
101325.006486933315
101325.006474573209
101325.006470306864
101325.006458926611
101325.006386688445
101325.006397597404
101325.006372101911
101325.006402278537
101325.006375901357
101325.006394121679
101325.006384079374
101325.006390527386
101325.006393671385
101325.006392952375
101325.006401534629
101325.006397067729
101325.006405729335
101325.006397805293
101325.006427149565
101325.006400918966
101325.00640331117
101325.006400732454
101325.006399457314
101325.006394716736
101325.006392012554
101325.006385942601
101325.006382979802
101325.006377176396
101325.006375821147
101325.006372097138
101325.006373495591
101325.006371817261
101325.006374622812
101325.00637047732
101325.006102378364
101325.006127404806
101325.006132576862
101325.006145843203
101325.006156618503
101325.006161698722
101325.006174564071
101325.006176390089
101325.006189282081
101325.00618879759
101325.006199869487
101325.006197072726
101325.006205193189
101325.006199115422
101325.006228591359
101325.006201626369
101325.006203260549
101325.006199915064
101325.006197548311
101325.006191168228
101325.006186457031
101325.006177466392
101325.006171316738
101325.006160841294
101325.006154909119
101325.006144459112
101325.006140005833
101325.006129988687
101325.00612665774
101325.006117235505
101325.00602388446
101325.006027276337
101325.006021483103
101325.006026379808
101325.006019535169
101325.006027140567
101325.006022634305
101325.006030741351
101325.006029597527
101325.006036029314
101325.006036823484
101325.006040320528
101325.006041005894
101325.006040776774
101325.006058176339
101325.006041678833
101325.006043568486
101325.006041185756
101325.006040009626
101325.006035828497
101325.006033512545
101325.006028225223
101325.006025831593
101325.006020864763
101325.006019871827
101325.006016631276
101325.006017870226
101325.006016097192
101325.006018342494
101325.0060143929
101325.005777783867
101325.005788582115
101325.005791154646
101325.005802864573
101325.00580621112
101325.005817238329
101325.005821073108
101325.005831126284
101325.005834942116
101325.005843048901
101325.005846062399
101325.005851574228
101325.005853603259
101325.005854439631
101325.005864717561
101325.005853609764
101325.005854753195
101325.005851711307
101325.005849597626
101325.005844061379
101325.00584017302
101325.005832595591
101325.005827605244
101325.005819000973
101325.00581435638
101325.005805872468
101325.005802459316
101325.005794246128
101325.005791642645
101325.00578372048
101325.005676212779
101325.005679206748
101325.005676668748
101325.005677725989
101325.00567574169
101325.005678514703
101325.005677984416
101325.005682645482
101325.005683377924
101325.005688636738
101325.005689705446
101325.005694249921
101325.005694876425
101325.005696609398
101325.005698837602
101325.005693867672
101325.005695999658
101325.005694300911
101325.005693194646
101325.005689418627
101325.005687400626
101325.005682877818
101325.00568097923
101325.005676754474
101325.005676071771
101325.005673244625
101325.00567436358
101325.005672558822
101325.005674367319
101325.005670614599
101325.005453300153
101325.005460879955
101325.005463331123
101325.00547133341
101325.005474376594
101325.005482331413
101325.005485968853
101325.005493745295
101325.005497366132
101325.005504188666
101325.005506901318
101325.005512026182
101325.005513359982
101325.005515731915
101325.005516021396
101325.005514556309
101325.005515422905
101325.005513161625
101325.005511332958
101325.005506584552
101325.005503377266
101325.005497106249
101325.005493299352
101325.005486375449
101325.00548291934
101325.005476097707
101325.005473592493
101325.005466839895
101325.005464837377
101325.005458082611
101325.005340690463
101325.005343901401
101325.005341972486
101325.005343100085
101325.005341584401
101325.005343443336
101325.005343264958
101325.005346371021
101325.005347280981
101325.005350863401
101325.005351750835
101325.005354433539
101325.005355276284
101325.0053573357
101325.005356670896
101325.005356188311
101325.005357302973
101325.005356325943
101325.005355484915
101325.005352378284
101325.005350933818
101325.005347269631
101325.005346025122
101325.005342723714
101325.005342607416
101325.005340358519
101325.00534157097
101325.005339868992
101325.005341403506
101325.005337847702
101325.005135857515
101325.005142125912
101325.005143895745
101325.005150011217
101325.005151969919
101325.005157785534
101325.005160286266
101325.005166002869
101325.005168800315
101325.00517400651
101325.005176481791
101325.005180842549
101325.005181653716
101325.005183182657
101325.005182233843
101325.005182255947
101325.005182966837
101325.005181725937
101325.005180421955
101325.005176678402
101325.005174402875
101325.005169578653
101325.005167014737
101325.005161771798
101325.005159644308
101325.005154457118
101325.005152958503
101325.005147510528
101325.005146088675
101325.005140244597
101325.005016800758
101325.005020007738
101325.005018228985
101325.005019132761
101325.005017143776
101325.005017997377
101325.005017034666
101325.005018796015
101325.005019160744
101325.005021665202
101325.005022682089
101325.005025131191
101325.005025699444
101325.005026181985
101325.005025057588
101325.005025325037
101325.005026188141
101325.005025298495
101325.005024759797
101325.00502253983
101325.005021667428
101325.005019246018
101325.005018893586
101325.005017047268
101325.005017909789
101325.005016834955
101325.005018620825
101325.005017373696
101325.005018872616
101325.005015483839
101325.004826807417
101325.004832185921
101325.00483313002
101325.004836845008
101325.004837040615
101325.004839661313
101325.004840430178
101325.004843553892
101325.004845242453
101325.004848931436
101325.004850776517
101325.004854103623
101325.004855103427
101325.004855792533
101325.004854619154
101325.004855273437
101325.004856861953
101325.004854900253
101325.004854070517
101325.004851007514
101325.004849476274
101325.00484613888
101325.004844817653
101325.004842106544
101325.004841731192
101325.004839573361
101325.004839748974
101325.004836460808
101325.004835768661
101325.004830644844
101325.004705140789
101325.004708037392
101325.004704453357
101325.004703332932
101325.004696784526
101325.004696313554
101325.004690254602
101325.004693518378
101325.004689993817
101325.004695613781
101325.004693730632
101325.004699384226
101325.004697743294
101325.004700512887
101325.004697701952
101325.0046984004
101325.004701809521
101325.004697688419
101325.004699401135
101325.004693751616
101325.004695690499
101325.004690117814
101325.004693719849
101325.004690407412
101325.004696453194
101325.004696782504
101325.004703231782
101325.004704111096
101325.004707505752
101325.004704442603
101325.004528776175
101325.004544966156
101325.004526298711
101325.004532943072
101325.004500243667
101325.004517633817
101325.004497205591
101325.00451760288
101325.004507465594
101325.004525624259
101325.004520387738
101325.004533925705
101325.004530105594
101325.00453714731
101325.00453211322
101325.004533469881
101325.004538847381
101325.004530534716
101325.004534541862
101325.004521294773
101325.004526736768
101325.004508774204
101325.004519047128
101325.00449888951
101325.00451949946
101325.004502413067
101325.004535295084
101325.004528949692
101325.004547773206
101325.004531752202
101325.004321478191
101325.004509280669
101325.004414233525
101325.004431053632
101325.004283455288
101325.004313782279
101325.004319089858
101325.0043420211
101325.004350436051
101325.004365817207
101325.004371609291
101325.004381168474
101325.004383317239
101325.004387218069
101325.004384785527
101325.004386575441
101325.004388762914
101325.004383693697
101325.00438158655
101325.004372205847
101325.004366447058
101325.004351181007
101325.004342674627
101325.004319720596
101325.004314211052
101325.004283760019
101325.004430858477
101325.004413926406
101325.004508780345
101325.004321417087
101325.004041625216
101325.004659008919
101325.004099119891
101325.004129527893
101325.004117953926
101325.004116185592
101325.004184787627
101325.004185110112
101325.004216203146
101325.004218797621
101325.004230466497
101325.00423457408
101325.004236994195
101325.004239789239
101325.004236342676
101325.004238019712
101325.004241469738
101325.004237591958
101325.004235427856
101325.004231666666
101325.004220206538
101325.004218027607
101325.004187140352
101325.00418718814
101325.00411875821
101325.004120803365
101325.004132571776
101325.004102398365
101325.004662256295
101325.004045557143
101325.0041457185
101325.004200543815
101325.004096872683
101325.003948070429
101325.004082828469
101325.004192189881
101325.004088380956
101325.004155869567
101325.004085827328
101325.004130588568
101325.004086823843
101325.004116766155
101325.004089944632
101325.004108545254
101325.004092024305
101325.00409308153
101325.004110503971
101325.004090313989
101325.004117418241
101325.004087718873
101325.004131765905
101325.004087315625
101325.004157533782
101325.004090363538
101325.004194145426
101325.004085154069
101325.003950856204
101325.004099111655
101325.004202775803
101325.004148050328
101325.004072903408
101325.003934597626
101325.003961538299
101325.003943059332
101325.004029095435
101325.003992484169
101325.003981009664
101325.003959509195
101325.003958408764
101325.003948602534
101325.003949476421
101325.003946644065
101325.003946818935
101325.003945800636
101325.003945430479
101325.003945947174
101325.003947658159
101325.00394727572
101325.003947664532
101325.003950586441
101325.003950406302
101325.003960257789
101325.003962183779
101325.003983878822
101325.003996225671
101325.004033112549
101325.003947969133
101325.003966603181
101325.003939416347
101325.004077357196
101325.003850518639
101325.003706819043
101325.003950854094
101325.003815409756
101325.003888540494
101325.003795900178
101325.00384782214
101325.00379133143
101325.003823776467
101325.00379189862
101325.003811603354
101325.003794602031
101325.003806170222
101325.003796058008
101325.00380144066
101325.003802650986
101325.003797346304
101325.003806631416
101325.00379519166
101325.003812222509
101325.003792833682
101325.003824293613
101325.003792490388
101325.003848400956
101325.003797457175
101325.003889635962
101325.00381728934
101325.003952015453
101325.003708241755
101325.003850772322
101325.003664231015
101325.003681497546
101325.003628423336
101325.003663228345
101325.003615567155
101325.003646895682
101325.0036164513
101325.003639000453
101325.00362586377
101325.003639767703
101325.003636356021
101325.003643559612
101325.003643865042
101325.003645464472
101325.003644744953
101325.003646901794
101325.003646014113
101325.003645428093
101325.003643540651
101325.003638323047
101325.003640012394
101325.003627613565
101325.003639035989
101325.00361708281
101325.003646358804
101325.003614739937
101325.003662303585
101325.003627161335
101325.003680829905
101325.00366313968
101325.003417455839
101325.003608402214
101325.003533494833
101325.003545122498
101325.003416384192
101325.003432110883
101325.00345170722
101325.003460160413
101325.003479447376
101325.003482364467
101325.00349658585
101325.003496053061
101325.003505059532
101325.003501614541
101325.00350703318
101325.003507124246
101325.003502617867
101325.003507358619
101325.003496529374
101325.003500035731
101325.003483116059
101325.003483959503
101325.003460768101
101325.003456389546
101325.003431379388
101325.003419303204
101325.003542505117
101325.003533477226
101325.003606210259
101325.003418253327
101325.003179275183
101325.003790321978
101325.003230420902
101325.003261498612
101325.003249906164
101325.003247518995
101325.003314321773
101325.003314478512
101325.003344783574
101325.003346084733
101325.003358180576
101325.003360199495
101325.003363787342
101325.003363789758
101325.00335690449
101325.003364161967
101325.003366004661
101325.003365563243
101325.003361910931
101325.003360727103
101325.003350107363
101325.003349516104
101325.003321947021
101325.00332308533
101325.003258683064
101325.003262669125
101325.003277973694
101325.003243922998
101325.003806431152
101325.003195706362
101325.00326930845
101325.0033204512
101325.003224494358
101325.003078875103
101325.00321447046
101325.003325757236
101325.003221764986
101325.003290213921
101325.003219521299
101325.003264284853
101325.003220336832
101325.003250275331
101325.00322482147
101325.003244183419
101325.003197841172
101325.003234459538
101325.003241648752
101325.003227268418
101325.003245812928
101325.003222803367
101325.003261838589
101325.003222917658
101325.003291595523
101325.003229052949
101325.003333714703
101325.003228639413
101325.003096314598
101325.003241417799
101325.003339566756
101325.003285321465
101325.003218435057
101325.003086463737
101325.003108914651
101325.003085790566
101325.003171618519
101325.003134059312
101325.003122704788
101325.003100099813
101325.003098503541
101325.003087433361
101325.003087323275
101325.003083050004
101325.003082201642
101325.003082080671
101325.003078698835
101325.003111129539
101325.003077468413
101325.00308214812
101325.003076698922
101325.003084449461
101325.003081159331
101325.003091741324
101325.003095630804
101325.003116091088
101325.003133488266
101325.003170548633
101325.003094246713
101325.00311622236
101325.003090900995
101325.00322228302
101325.002989547502
101325.002849832847
101325.003088656536
101325.002958798868
101325.003030860244
101325.002941825587
101325.002992525362
101325.002937812533
101325.002969029156
101325.002937773184
101325.002956226803
101325.002938746577
101325.002948300054
101325.002937173515
101325.002938962527
101325.002967417444
101325.002933955795
101325.002945152912
101325.002933101496
101325.002943832456
101325.002931350929
101325.002943368643
101325.002927439244
101325.002959342703
101325.002925549314
101325.003003041944
101325.002954079522
101325.003071420011
101325.002853435493
101325.002975099647
101325.002826208598
101325.002842028131
101325.002789234379
101325.002821857925
101325.002773702479
101325.002803675132
101325.002771685977
101325.002793720472
101325.002778884853
101325.002792780273
101325.002787962745
101325.002795227207
101325.002794211861
101325.002796106055
101325.002793794352
101325.00281271695
101325.002796652698
101325.002790949758
101325.002795549983
101325.002776182533
101325.002787808698
101325.002750482716
101325.002768477163
101325.002711043795
101325.002741202028
101325.002769437429
101325.002834756611
101325.002792639789
101325.00291303519
101325.002736508963
101325.00257676703
101325.002765510857
101325.002689566783
101325.002706563537
101325.00257445754
101325.002591863507
101325.002609020477
101325.002618359809
101325.002636792124
101325.002640539489
101325.002654977143
101325.002655493794
101325.002665466163
101325.002663161096
101325.002648378053
101325.002672830902
101325.002666661749
101325.002675356693
101325.002664022191
101325.002673902796
101325.002653477117
101325.002665324762
101325.002626017478
101325.002636633639
101325.002560296358
101325.002567435702
101325.002575309176
101325.002538770495
101325.003081002535
101325.002475191461
101325.002354533979
101325.002971470618
101325.002399610385
101325.002446449857
101325.002422935286
101325.00241017947
101325.002479853691
101325.002474812965
101325.002508824677
101325.002507772966
101325.002523094707
101325.002524448209
101325.00253092435
101325.002531989157
101325.002506145727
101325.00253636892
101325.002537483437
101325.002540093934
101325.00254099218
101325.0025442568
101325.002550041216
101325.002556095526
101325.002568555108
101325.002580403481
101325.00259741208
101325.002496979796
101325.00244250831
101325.00252689328
101325.002671350929
101325.002581636465
101325.002435375951
101325.002461379234
101325.002403951949
101325.002345630244
101325.00235540932
101325.002471496759
101325.002373514246
101325.002449036416
101325.00238143286
101325.002431963483
101325.002388499473
101325.002422553574
101325.002396321986
101325.002418857737
101325.002346758702
101325.002414176954
101325.002405999534
101325.002407927168
101325.002400697325
101325.002406488537
101325.002402932267
101325.002412804795
101325.002417550233
101325.002433682646
101325.0024579358
101325.002487137652
101325.002411006513
101325.002426126317
101325.002404257684
101325.002527394958
101325.00232539243
101325.002373921729
101325.002333241428
101325.002211448373
101325.002305483547
101325.002301747081
101325.00228334454
101325.002284857692
101325.002271612961
101325.002276560379
101325.002265197953
101325.002271287594
101325.002261094909
101325.002267089745
101325.002253292463
101325.002300078268
101325.002255543994
101325.002263061033
101325.002253240513
101325.002264946961
101325.002248695382
101325.002269742836
101325.002244714531
101325.002285610579
101325.002249759491
101325.002324513262
101325.002286494186
101325.002400821832
101325.002187269929
101325.002307158706
101325.002236625412
101325.002066356319
101325.002102727885
101325.002213061787
101325.002223125426
101325.002178753508
101325.002191072839
101325.002156741422
101325.002166747276
101325.002143758102
101325.002151298715
101325.002137082309
101325.002141301971
101325.002131239526
101325.002129745102
101325.002132803595
101325.002130232111
101325.002123603845
101325.002127266154
101325.002109399647
101325.002117147582
101325.00208304805
101325.002099119854
101325.002040449006
101325.002071947369
101325.002099794379
101325.002161029843
101325.002118711607
101325.002233547129
101325.002062110943
101325.002034738529
101325.001907244063
101325.002142253885
101325.002012645724
101325.002082050618
101325.001990945049
101325.0020421269
101325.001981941488
101325.002019293082
101325.001981878988
101325.002008824173
101325.001986021729
101325.002004943919
101325.001990590303
101325.002005919829
101325.002003087313
101325.001997768253
101325.002004210328
101325.00199483012
101325.002005112401
101325.001986641058
101325.001999621483
101325.001962933675
101325.001974431507
101325.001902837728
101325.001915966539
101325.001924145385
101325.001891853404
101325.002390973401
101325.00182936601
101325.001854597591
101325.001869460088
101325.001833391027
101325.001877967065
101325.001839078148
101325.001868273568
101325.001834757364
101325.001857857278
101325.001844008992
101325.00185739866
101325.001854973831
101325.001860921824
101325.001863139463
101325.001863489044
101325.001858555013
101325.001867748855
101325.001870406748
101325.001875616901
101325.001877559655
101325.001883006931
101325.001888260653
101325.001896356975
101325.00190732372
101325.001920049021
101325.001935212131
101325.001834292518
101325.001781290412
101325.00186623176
101325.002009157324
101325.001916284295
101325.001633828302
101325.001806918342
101325.001750502444
101325.00174348685
101325.001722220186
101325.001722773202
101325.00165872369
101325.001669359786
101325.001692360165
101325.001701500107
101325.001715229009
101325.001721484208
101325.001729422118
101325.001732040997
101325.001713637132
101325.001738379447
101325.001736915656
101325.00174446567
101325.001739923697
101325.001749055809
101325.001746639216
101325.001758177168
101325.001764008048
101325.001779141327
101325.001803801875
101325.001828726992
101325.001752959492
101325.001761212741
101325.001733868339
101325.00186194171
101325.001446818584
101325.001945034412
101325.001508315487
101325.001497745281
101325.001539601508
101325.001530435678
101325.001519489146
101325.001582200828
101325.001572144436
101325.001606452468
101325.001594419431
101325.001614286972
101325.001604926976
101325.001616193709
101325.001575626564
101325.001614245542
101325.001607411599
101325.001615880072
101325.00160165198
101325.001618889117
101325.001598003597
101325.001626896745
101325.001597100156
101325.001644757285
101325.001600814634
101325.001674566127
101325.001616425579
101325.001734715624
101325.001511848182
101325.00164063496
101325.001516373915
101325.001591214284
101325.001468985793
101325.001499916747
101325.001409874923
101325.001454806115
101325.001536107782
101325.001524713152
101325.001510769303
101325.001503258609
101325.001494684591
101325.001490635812
101325.00148561527
101325.001483166358
101325.00147690381
101325.001474308228
101325.001478542312
101325.001471026175
101325.001472180084
101325.00146322923
101325.00146612458
101325.00144985276
101325.001463565422
101325.001438440435
101325.001470222574
101325.001443788788
101325.001480066116
101325.001443021087
101325.001488633163
101325.001473241849
101325.001489711445
101325.001359027956
101325.001377128749
101325.001377087712
101325.001377467343
101325.001421833542
101325.001424524075
101325.0013737462
101325.001390120276
101325.001356244713
101325.001373039151
101325.001350386548
101325.00136405474
101325.001348147314
101325.001356654931
101325.001330991945
101325.001352984356
101325.001347352227
101325.001341473006
101325.001338992297
101325.001322993165
101325.001316996073
101325.001291435852
101325.001278721873
101325.001334167289
101325.001328173952
101325.001350265113
101325.001353211948
101325.001413730803
101325.001247729553
101325.001290216838
101325.001165238995
101325.001277133633
101325.00125603858
101325.001335560562
101325.001221096827
101325.001286039042
101325.001212235671
101325.001259571189
101325.001211247756
101325.001244386891
101325.001213188138
101325.001236282478
101325.001214472926
101325.001233049843
101325.001223516287
101325.001224716194
101325.001228207359
101325.00122905249
101325.001222357445
101325.00123308436
101325.001208273679
101325.001222774052
101325.001173397104
101325.001107435644
101325.001183093904
101325.001157949271
101325.00116111344
101325.001621960197
101325.001101794565
101325.001099430519
101325.001119520733
101325.001073864725
101325.001104123963
101325.001057573478
101325.001097475266
101325.00105877388
101325.001082271701
101325.001071318096
101325.001086588556
101325.001081620154
101325.001091968064
101325.001092485894
101325.001095682761
101325.001070474609
101325.00109862526
101325.001103715622
101325.001105429503
101325.001118555592
101325.00111031202
101325.001136797684
101325.001126825868
101325.001166348695
101325.001157621053
101325.0011199742
101325.00109286551
101325.001031216263
101325.001120587869
101325.001251608119
101325.001157615028
101325.00086932967
101325.001030439278
101325.000970307374
101325.00097779611
101325.000954435105
101325.000960102829
101325.0009114321
101325.000899970444
101325.000935965436
101325.00094822493
101325.000949008812
101325.000965221829
101325.000966837164
101325.000973377784
101325.000924701497
101325.000979901946
101325.000973623886
101325.00098321143
101325.000975881849
101325.000988047439
101325.000981245408
101325.000997340467
101325.000999167954
101325.001019339717
101325.001041010983
101325.001070978455
101325.000993876936
101325.001008352614
101325.000983050471
101325.001111147794
101325.00071315479
101325.001214284915
101325.000777125766
101325.000760745766
101325.000801089642
101325.000787962257
101325.000765861201
101325.000819285124
101325.000817874214
101325.000838079373
101325.000837797532
101325.000845514762
101325.000849413496
101325.000849792326
101325.000809811623
101325.000857600433
101325.000844735492
101325.000859725813
101325.000841820191
101325.00086235434
101325.000842867084
101325.000866474831
101325.000846688024
101325.000880923719
101325.000843492526
101325.000907243782
101325.000856709274
101325.000967422719
101325.000752063788
101325.00087350735
101325.000740081683
101325.000861350869
101325.000697540614
101325.000750714855
101325.000642705054
101325.000685925625
101325.000770985629
101325.000753842134
101325.000761008676
101325.000727391671
101325.000747038386
101325.000727316947
101325.000732449189
101325.000726711703
101325.000709327738
101325.000725031088
101325.000722234152
101325.000717718634
101325.000717680145
101325.000706567022
101325.000714736991
101325.000693890572
101325.000713483256
101325.00068946337
101325.000720241384
101325.000701763143
101325.000732085362
101325.000699593991
101325.000738977382
101325.000725180129
101325.000698287113
101325.00071596654
101325.000569308235
101325.00058737729
101325.000600931424
101325.000651778289
101325.000654249656
101325.000614160308
101325.000626551759
101325.000594717727
101325.000618710415
101325.000592754892
101325.000607960479
101325.000596520185
101325.000608438029
101325.000598294413
101325.000597228864
101325.000593168617
101325.000589394665
101325.000581632456
101325.00057262613
101325.000559411943
101325.000540704903
101325.000523405281
101325.00059156389
101325.000583369459
101325.000598649989
101325.000606746064
101325.000652397342
101325.000491387953
101325.000544397961
101325.000427943465
101325.000459535673
101325.000523583236
101325.000544140319
101325.000486973091
101325.000504665193
101325.000475258479
101325.000495529239
101325.000463422926
101325.000492808656
101325.000462698721
101325.000487813362
101325.000467085978
101325.000516354587
101325.000472840431
101325.000482782169
101325.000474066663
101325.000486189892
101325.000469446211
101325.00048362196
101325.000453403773
101325.000465254459
101325.0004095412
101325.000428631858
101325.00044013669
101325.000401728568
101325.000429941327
101325.000796571345
101325.000362432125
101325.000318417224
101325.000324085937
101325.000422177181
101325.000307654875
101325.000355176933
101325.000331492382
101325.000315282392
101325.000327510439
101325.000341432431
101325.000318618229
101325.000355758093
101325.000331673611
101325.000360792721
101325.000343029344
101325.00038796755
101325.000355082797
101325.000363257815
101325.000365872504
101325.000374258583
101325.000376790616
101325.000389347406
101325.000393775699
101325.000413294212
101325.00041978994
101325.000343885287
101325.00030292866
101325.000328460781
101325.00039771531
101325.000492005085
101325.000391343681
101325.000136749586
101325.000275481027
101325.000122334764
101325.000275189552
101325.000141365832
101325.000302109795
101325.000090495916
101325.000218121029
101325.000179200069
101325.000206380064
101325.000222514107
101325.000218690431
101325.00024018524
101325.000236812688
101325.00024610605
101325.000245316958
101325.000237710192
101325.000253076272
101325.000241337984
101325.00026181023
101325.000247894961
101325.000277841798
101325.000264935763
101325.000311305033
101325.000312565418
101325.000266284158
101325.000276862513
101325.000278305073
101325.000243012852
101325.00038052749
101325.000042324653
101325.00013271482
101325.000148286839
101325.00012528259
101325.000137819574
101325.000119943667
101325.00006278533
101325.00010421747
101325.000086827742
101325.000113000875
101325.000107375992
101325.000114628318
101325.00011851202
101325.000146545673
101325.000123433027
101325.000129946813
101325.000118387936
101325.000135906113
101325.000119204851
101325.000143437908
101325.000118452823
101325.000154287409
101325.000117791205
101325.000170912754
101325.00012203645
101325.00020647698
101325.000097629993
101325.000211460618
101325.000044750923
101325.00016092736
101325.00005709962
101325.000045314373
101325.000062637147
101324.999998993502
101325.00005777675
101324.999983647227
101324.999980930806
101325.000070119233
101325.000014913938
101325.000063722386
101325.000060512277
101325.000071894232
101325.000085422813
101325.000124772661
101325.000089170062
101325.000093541908
101325.000090344867
101325.000084881787
101325.000077241682
101325.000061209066
101325.000056046512
101325.000030280222
101325.000034711338
101325.000000614978
101325.000017235419
101324.999973524813
101324.999990341807
101324.999954941959
101324.999993517122
101324.999994714963
